5955337.452086 -108851.089244 927398.583501 -1243450.873331 811278.728440 -487625.024231 -552630.957368 -1990281.290992 -609847.563059 530397.621624 634161.456608 122339.878737
-108851.089244 5955303.936592 -108877.634753 927371.814429 -1243426.332977 811215.077537 -487709.872761 -552604.386833 -1990287.789471 -609855.110243 530409.837130 634163.891937
927398.583501 -108877.634753 5955312.124842 -108870.253274 927414.398210 -1243453.847850 811213.865163 -487697.885829 -552615.256105 -1990319.112688 -609848.187656 530403.941881
-1243450.873331 927371.814429 -108870.253274 5955318.711632 -108828.004737 927385.965164 -1243457.048651 811226.224578 -487708.675104 -552646.083333 -1990312.049287 -609853.898009
811278.728440 -1243426.332977 927414.398210 -108828.004737 5955319.083240 -108763.255114 927500.379346 -1243483.680809 811226.448855 -487723.231354 -552657.208597 -1990320.031838
-487625.024231 811215.077537 -1243453.847850 927385.965164 -108763.255114 5955216.150226 -108872.667813 927543.740641 -1243500.507795 811192.248361 -487702.189892 -552658.716527
-552630.957368 -487709.872761 811213.865163 -1243457.048651 927500.379346 -108872.667813 5955150.414618 -108825.862496 927514.362813 -1243576.868318 811216.955580 -487713.698715
-1990281.290992 -552604.386833 -487697.885829 811226.224578 -1243483.680809 927543.740641 -108825.862496 5955132.158444 -108818.936363 927528.204782 -1243585.699112 811217.450850
-609847.563059 -1990287.789471 -552615.256105 -487708.675104 811226.448855 -1243500.507795 927514.362813 -108818.936363 5955132.019282 -108815.435085 927531.112468 -1243583.694342
530397.621624 -609855.110243 -1990319.112688 -552646.083333 -487723.231354 811192.248361 -1243576.868318 927528.204782 -108815.435085 5955152.309700 -108810.296217 927538.449108
634161.456608 530409.837130 -609848.187656 -1990312.049287 -552657.208597 -487702.189892 811216.955580 -1243585.699112 927531.112468 -108810.296217 5955148.116825 -108810.446622
122339.878737 634163.891937 530403.941881 -609853.898009 -1990320.031838 -552658.716527 -487713.698715 811217.450850 -1243583.694342 927538.449108 -108810.446622 5955150.035381
